gluon	chi	scale	bin0	bin1	bin2	bin3	bin4	bin5
400	25	6.341	6	9	6	6	2	3
400	75	6.333	15	19	14	7	6	4
400	125	6.34	59	30	38	16	6	1
400	175	6.372	85	62	77	58	13	4
400	225	6.392	120	103	131	124	23	8
400	275	6.418	92	104	136	169	54	27
400	325	6.402	58	79	130	160	100	46
400	375	6.476	53	47	93	173	144	117
450	25	3.061	11	17	10	10	4	2
450	75	3.059	28	29	26	15	4	0
450	125	3.082	46	42	47	38	16	2
450	175	3.048	86	87	88	77	26	9
450	225	3.071	100	123	135	122	59	18
450	275	3.086	113	108	158	213	105	37
450	325	3.114	90	110	180	238	153	57
450	375	3.139	46	67	124	227	205	121
450	425	3.13	49	62	97	195	212	211
500	25	1.561	13	23	21	15	10	4
500	75	1.562	31	33	15	29	12	2
500	125	1.565	69	42	48	50	17	7
500	175	1.575	67	91	85	79	41	13
500	225	1.574	101	120	140	149	53	21
500	275	1.603	118	133	170	235	131	39
500	325	1.581	89	111	212	326	172	83
500	375	1.584	73	94	171	289	230	133
500	425	1.566	58	91	117	251	241	210
500	475	1.568	49	71	110	206	256	394
550	25	0.826	23	24	21	19	8	5
550	75	0.835	25	32	29	40	19	5
550	125	0.831	61	58	67	53	33	9
550	175	0.834	64	82	89	105	44	20
550	225	0.83	93	115	135	138	68	39
550	275	0.856	118	124	154	239	133	73
550	325	0.836	105	123	193	323	203	112
550	375	0.833	105	146	203	356	273	172
550	425	0.835	91	99	196	350	321	225
550	475	0.835	47	58	148	264	321	385
550	525	0.833	52	49	86	239	331	534
600	25	0.456	26	27	26	37	12	7
600	75	0.459	33	27	30	43	26	11
600	125	0.457	65	39	62	78	43	20
600	175	0.46	86	63	94	117	52	38
600	225	0.458	109	116	130	165	84	43
600	275	0.461	116	141	147	239	135	84
600	325	0.461	112	134	191	308	227	124
600	375	0.461	130	120	206	350	276	171
600	425	0.458	90	110	212	344	330	270
600	475	0.457	89	96	170	360	384	378
600	525	0.457	53	77	103	299	385	512
600	575	0.458	50	59	115	233	314	711
650	25	0.258	30	30	21	35	26	13
650	75	0.26	44	49	47	55	25	16
650	125	0.259	54	70	61	81	50	32
650	175	0.26	83	68	86	130	82	42
650	225	0.259	110	93	118	184	99	81
650	275	0.258	98	118	173	236	163	121
650	325	0.259	110	126	156	345	237	175
650	375	0.257	92	107	171	386	305	258
650	425	0.259	97	130	182	339	356	362
650	475	0.257	88	128	192	355	404	420
650	525	0.258	49	97	139	322	422	526
650	575	0.259	55	68	119	273	346	656
650	625	0.258	33	70	104	264	341	907
700	25	0.15	32	43	41	44	26	22
700	75	0.149	45	45	33	71	35	33
700	125	0.15	57	53	93	97	64	39
700	175	0.15	68	90	103	161	90	47
700	225	0.149	88	117	127	185	123	97
700	275	0.15	88	97	178	221	194	151
700	325	0.151	104	128	174	281	216	195
700	375	0.15	98	114	183	339	281	274
700	425	0.151	91	131	192	337	328	361
700	475	0.15	89	104	168	352	380	455
700	525	0.149	64	87	158	400	421	591
700	575	0.15	55	79	146	319	433	728
700	625	0.149	55	56	115	271	341	931
700	675	0.149	57	47	94	229	347	1182
750	25	0.08899	23	28	49	50	31	19
750	75	0.08889	49	43	45	70	46	41
750	125	0.08821	54	50	86	120	63	65
750	175	0.08863	66	69	72	131	96	76
750	225	0.08814	83	83	115	215	147	124
750	275	0.08804	95	110	156	228	203	213
750	325	0.08821	88	116	175	280	226	259
750	375	0.08849	67	138	198	317	362	313
750	425	0.08875	67	130	172	311	344	432
750	475	0.08835	100	104	175	365	387	545
750	525	0.08889	98	101	183	372	428	603
750	575	0.0887	57	96	155	334	438	671
750	625	0.08848	48	65	147	314	444	980
750	675	0.08861	57	53	125	253	384	1038
750	725	0.08915	35	50	98	215	344	1384
800	25	0.05328	24	29	44	56	50	35
800	75	0.05324	60	58	72	84	63	41
800	125	0.05332	58	60	87	131	80	77
800	175	0.05291	78	70	87	148	125	108
800	225	0.05343	65	87	122	211	151	160
800	275	0.05328	93	91	184	226	178	216
800	325	0.05345	102	100	189	272	268	287
800	375	0.05353	95	115	168	313	279	340
800	425	0.05365	97	102	173	315	328	481
800	475	0.05333	88	100	190	362	396	582
800	525	0.05331	62	99	171	363	387	647
800	575	0.05316	69	86	147	345	397	756
800	625	0.05335	57	75	132	297	461	930
800	675	0.05319	48	84	138	294	430	1027
800	725	0.05327	52	55	102	285	403	1268
800	775	0.05371	27	53	80	202	337	1535
850	25	0.03248	39	47	37	67	45	52
850	75	0.03209	55	48	62	100	59	86
850	125	0.03248	44	56	75	130	88	90
850	175	0.03221	62	52	88	155	119	136
850	225	0.03267	74	93	134	178	177	189
850	275	0.03221	80	90	157	265	245	234
850	325	0.03236	80	102	160	317	258	327
850	375	0.03224	81	108	178	301	309	428
850	425	0.0324	101	125	170	353	336	548
850	475	0.03226	91	94	163	327	394	619
850	525	0.03238	77	115	156	331	411	748
850	575	0.03221	57	95	170	337	444	888
850	625	0.03229	68	91	162	328	441	969
850	675	0.03248	58	59	137	288	402	1094
850	725	0.03235	45	66	103	253	367	1273
850	775	0.03232	38	43	100	220	358	1422
850	825	0.03255	36	44	85	183	348	1602
900	25	0.02016	28	44	45	63	56	60
900	75	0.01993	49	65	65	107	79	83
900	125	0.01989	59	61	83	141	116	140
900	175	0.01978	44	82	101	138	141	149
900	225	0.02006	77	68	107	176	185	239
900	275	0.01992	83	107	148	245	234	281
900	325	0.01987	69	97	142	269	288	362
900	375	0.01986	75	104	142	318	322	484
900	425	0.02013	74	86	171	298	373	532
900	475	0.01995	87	126	174	359	338	617
900	525	0.02655	54	90	114	245	280	558
900	575	0.0199	52	82	166	321	438	874
900	625	0.02008	68	84	142	283	416	1010
900	675	0.02003	53	84	137	280	418	1137
900	725	0.02003	40	64	118	289	406	1258
900	775	0.01988	46	41	86	218	399	1448
900	825	0.01993	43	42	91	214	340	1548
900	875	0.0199	36	40	79	213	329	1790
950	25	0.01258	34	36	53	84	66	69
950	75	0.01241	49	50	63	102	95	131
950	125	0.01229	50	66	75	143	118	147
950	175	0.01237	59	65	97	180	137	218
950	225	0.01237	65	73	103	200	184	270
950	275	0.01236	85	107	138	240	207	319
950	325	0.01237	78	110	165	262	297	439
950	375	0.01243	79	104	145	316	339	460
950	425	0.0124	73	88	166	292	350	622
950	475	0.01246	76	112	164	325	369	789
950	525	0.01246	81	96	137	306	399	804
950	575	0.01253	74	95	166	309	443	910
950	625	0.01648	54	72	97	235	312	763
950	675	0.01238	52	76	144	322	411	1164
950	725	0.01242	41	49	128	275	394	1281
950	775	0.01246	39	48	87	258	351	1485
950	825	0.01243	35	51	76	235	379	1526
950	875	0.01242	25	52	89	214	330	1769
950	925	0.01249	30	33	60	160	297	1974
1000	25	0.008	31	41	58	94	87	84
1000	75	0.00844	58	41	69	101	103	114
1000	125	0.00803	61	71	90	150	100	162
1000	175	0.00806	43	79	73	140	147	216
1000	225	0.00859	59	76	94	171	182	231
1000	275	0.00805	59	81	132	231	223	348
1000	325	0.00843	84	88	159	245	290	442
1000	375	0.00794	75	75	152	274	328	571
1000	425	0.00808	69	101	159	319	324	673
1000	475	0.00804	68	92	171	296	363	769
1000	525	0.00807	76	82	144	372	356	839
1000	575	0.00799	73	78	150	331	365	981
1000	625	0.00798	61	99	161	320	380	1028
1000	675	0.00826	57	72	150	300	393	1096
1000	725	0.00848	45	54	130	248	368	1188
1000	775	0.00803	46	52	104	250	339	1474
1000	825	0.00785	57	50	121	226	357	1585
1000	875	0.00785	38	46	79	232	366	1728
1000	925	0.00787	39	40	73	204	304	1835
1000	975	0.00807	23	43	61	178	261	2105
1050	25	0.00507	32	46	61	102	102	108
1050	75	0.00509	38	55	79	117	102	143
1050	125	0.00498	53	53	84	138	131	204
1050	175	0.00498	51	50	94	179	159	267
1050	225	0.005	42	78	89	182	194	294
1050	275	0.00508	61	74	124	237	249	392
1050	325	0.005	82	75	134	274	286	545
1050	375	0.00512	67	96	143	275	325	594
1050	425	0.00503	74	96	148	292	333	749
1050	475	0.0051	75	85	150	344	343	878
1050	525	0.00511	78	92	145	298	368	942
1050	575	0.00504	58	97	140	313	407	1040
1050	625	0.00504	66	82	131	298	415	1084
1050	675	0.00499	65	81	116	275	373	1220
1050	725	0.00499	47	65	129	297	402	1420
1050	775	0.00504	47	63	110	275	353	1421
1050	825	0.00503	42	59	106	216	370	1572
1050	875	0.00517	37	38	74	236	346	1799
1050	925	0.00516	22	44	94	204	314	1874
1050	975	0.00504	30	37	63	172	298	2050
1050	1025	0.00506	26	38	63	139	258	2210
1100	25	0.00329	29	35	62	96	79	140
1100	75	0.0032	60	64	81	125	106	191
1100	125	0.00318	54	59	91	148	151	249
1100	175	0.00319	62	64	111	148	182	293
1100	225	0.00326	69	63	83	208	201	365
1100	275	0.0032	64	86	115	224	211	490
1100	325	0.00319	79	102	134	291	256	589
1100	375	0.00321	83	78	121	285	326	660
1100	425	0.00322	68	80	163	299	350	717
1100	475	0.00326	69	83	132	289	376	883
1100	525	0.0032	75	80	147	325	351	1049
1100	575	0.00323	68	93	118	279	371	1133
1100	625	0.00319	74	82	139	293	352	1164
1100	675	0.00321	61	82	136	317	384	1306
1100	725	0.0032	59	79	124	293	377	1354
1100	775	0.0032	45	65	120	260	387	1465
1100	825	0.0032	45	59	120	213	341	1559
1100	875	0.00319	49	52	94	185	318	1747
1100	925	0.00318	43	38	85	183	335	1919
1100	975	0.0032	37	45	86	173	284	1953
1100	1025	0.00321	23	34	59	170	264	2265
1100	1075	0.0032	21	33	51	127	245	2394
1150	25	0.00207	24	32	46	99	103	184
1150	75	0.00207	50	64	76	139	119	210
1150	125	0.00204	57	48	107	179	150	259
1150	175	0.00206	44	66	100	162	204	352
1150	225	0.00206	45	77	92	206	194	435
1150	275	0.00204	68	78	115	216	227	555
1150	325	0.00207	88	85	128	275	261	640
1150	375	0.00206  	72	99	158	320	316	834
1150	425	0.00205	        64	89	138	279	333	860
1150	475	0.0021	        58	93	116	302	340	889
1150	525	0.00217	        59	88	131	308	338	964
1150	575	0.00208  	71	84	124	304	365	1183
1150	625	0.00209	        59	84	137	306	373	1197
1150	675	0.00213 	52	77	126	285	380	1355
1150	725	0.00209 	76	65	132	324	345	1362
1150	775	0.00205 	51	65	125	286	378	1566
1150	825	0.00209 	46	55	109	249	358	1599
1150	875	0.00209 	45	54	101	273	356	1767
1150	925	0.00211 	29	44	88	184	305	1827
1150	975	0.00209 	32	43	68	184	315	1988
1150	1025	0.00206 	34	46	58	165	282	2254
1150	1075	0.00206 	22	26	60	135	273	2369
1150	1125	0.00206  	21	34	73	147	232	2537
1200	25	0.001348	43	40	61	92	118	213
1200	75	0.001356	53	57	72	123	133	251
1200	125	0.001333	50	72	106	149	171	294
1200	175	0.00134	        58	66	91	160	180	392
1200	225	0.001341	49	63	101	184	209	484
1200	275	0.001353	69	76	106	210	240	573
1200	325	0.001339	60	72	117	262	282	684
1200	375	0.001343	75	99	123	278	302	770
1200	425	0.001332	61	85	140	314	329	957
1200	475	0.001348	64	87	120	272	344	975
1200	525	0.001333	64	95	150	305	377	1118
1200	575	0.001339	60	74	129	261	327	1230
1200	625	0.00134	        70	76	140	312	349	1326
1200	675	0.001343	44	80	128	281	365	1352
1200	725	0.001344	54	76	141	260	388	1473
1200	775	0.001346	57	61	136	275	345	1656
1200	825	0.001344	50	63	96	253	344	1720
1200	875	0.001347	39	62	99	218	338	1861
1200	925	0.001335	43	56	88	192	324	1899
1200	975	0.001342	25	40	76	185	304	2021
1200	1025	0.001331	21	31	65	165	286	2177
1200	1075	0.00134   	28	36	54	154	272	2348
1200	1125	0.001343	23	34	63	154	264	2477
1200	1175	0.001335	30	34	72	144	228	2599
1250	25	0.000877	49	38	50	103	123	227
1250	75	0.000873	53	58	72	150	153	306
1250	125	0.000873	53	71	82	136	166	350
1250	175	0.000871	43	54	90	159	199	452
1250	225	0.000874	53	78	102	202	192	483
1250	275	0.000875	71	71	123	227	257	603
1250	325	0.000876	62	90	148	207	270	789
1250	375	0.000872	66	69	133	271	309	873
1250	425	0.00088	        67	87	133	262	314	964
1250	475	0.000874	60	88	132	266	371	1039
1250	525	0.000868	66	84	149	293	339	1203
1250	575	0.000882	40	61	128	291	371	1217
1250	625	0.000872	69	75	118	293	370	1426
1250	675	0.000878	68	72	138	279	356	1471
1250	725	0.000872	56	68	128	264	371	1509
1250	775	0.000884	56	62	113	232	353	1626
1250	825	0.000877	51	80	110	247	343	1706
1250	875	0.000884	52	75	105	247	362	1775
1250	925	0.000877	31	45	84	230	323	1853
1250	975	0.000872	36	47	93	179	295	2091
1250	1025	0.000868	33	37	73	174	281	2190
1250	1075	0.000881	23	34	70	171	298	2331
1250	1125	0.000878	32	26	73	178	255	2387
1250	1175	0.000879	21	25	55	134	247	2583
1250	1225	0.000875	17	32	52	126	200	2754
1300	25	0.000578	33	40	64	119	125	249
1300	75	0.000574	50	62	84	165	166	332
1300	125	0.000576	62	54	97	159	190	379
1300	175	0.000584	54	55	72	163	182	462
1300	225	0.000574	49	73	94	187	206	527
1300	275	0.000577	57	64	90	220	250	682
1300	325	0.000575	51	69	118	283	269	774
1300	375	0.000576	68	78	113	257	309	841
1300	425	0.000578	60	91	122	260	329	1068
1300	475	0.000578	60	74	129	281	324	1085
1300	525	0.000579	71	62	130	269	362	1188
1300	575	0.000578	54	80	155	257	360	1358
1300	625	0.000574	56	74	131	266	352	1420
1300	675	0.000578	48	71	137	274	357	1499
1300	725	0.000577	52	68	119	265	374	1646
1300	775	0.000577	65	86	108	277	341	1712
1300	825	0.000574	34	71	100	262	355	1724
1300	875	0.000577	47	55	112	241	342	1920
1300	925	0.000579	45	61	110	214	293	1964
1300	975	0.000582	43	48	88	193	306	2104
1300	1025	0.000573	29	57	76	191	265	2132
1300	1075	0.000578	32	47	77	164	294	2247
1300	1125	0.000577	26	44	67	156	280	2387
1300	1175	0.000576	31	39	66	133	263	2592
1300	1225	0.000581	16	31	55	130	228	2672
1300	1275	0.000578	20	29	47	118	193	2939
